050703060007000800000816000000030000005000100730040086906000204840572093000409000
302401809001000300000000000040708010780502036000090000200609003900000008800070005
000823001003000400070000052300960010000102000010038006830000040002000900600789000
500700032100326000000000000020070058010803040890040070000000000000654001230009005
760000053020080040005000900000000000040010070603000104100304009000000000006827300
140000050700200000000300204200080400080090020006050001809001000000006007050000069
002009000015008760040000051620407000000010000000206074170000090098500610000700800
060010030830605029000000000006030900092000570000409000285000716000000000470000095
600002305000970016021000009070643000000000000000891040200000530310064000904700001
007020850200516000400000006070648090930102068060953020700000005000495002029060100
003700040200954800094103702039000486060000020452000390607408950005297004040005200
014600380980201074200000009050108093000050000890302010300000005570403061068009230
400029006000700000002014900708901020903050807020806109001690500000003000300180002
008004003050097040400501002300000000047000260000000007500709004090350020700200800
000050000700000001005904800204030107003491500000705000001000700500306008320000069
000803000060000020005000100006459800002000700050302010830000075000106000040000080
060500400803004070005100000100060009000000000400020007000007600070600105009001080
236000591010050070008000400849000237000000000000428000097000140000306000580070026
640008703050420018708600400800000160090030070071000009005001906480096030109300087
020805090040090010000060000300000004008000500002901800001403200703050908000000000
500004003000071600031600400480020300010807040006050081004002730002730000300500009
000041020709502000000360090320000850904000201081000049030094000000708105070150000
000002000004010053080693000400030000970000085000080007000175040710040900000900000
600000009040000030007001000003029060901000402080560300000600100030000040500000003
410905062380072019000004000168000007050040030700000285000700000840260073570408021
000005980840000050700060000200408000009000800000102006000040008010000095063700000
403000059700400600016900708000807320000020000052304000108006930004003001360000407
020010840709200001604000290000030020800102004090040000037000602100005903062070050
000004000100760040000000239023000400000658000009000570934000000070039006000800000
050000080009000300020803010070302060300901002001000500100040006006000700000586000
207600400940000000008400900600070004000090000500080007004002700000000053001007608
010000206609080000000304000003001000407000801000800700000603000000070602204000050
200000009010060030068503410080607090005000100901000703000205000500000004000000000
700000520086000000009780010400070200600304009002060007070035100000000930058000004
020060400000400010000008500009087003100090007400530200005100000010006000003070080
010000060806000504030405090008010700000509000004020900080104070309000205070000030
000385200020406010700001000892000037600030002570000469000500001030107020005293000
000400090912086040003010520030000005058000710100000080021050900080740132070003000
205760081600000500093500604000406708100000009407301000902005840008000007760038905
008000070570200940030089005002000090001070500050000100600430080027008013080000200
090000030080000040040581060430000025260309078000010000370000012000000000005402900
010040020003859600048000570000000000090060080825000761100706009000010000007000100
304070586900618000800300009050000810170080095089000070200001007000523001541090208
720900080008000209005100000200001400809000507001800006000005100602000900090006043
000204000008109700009060800030010070070508010406070205004000500050030040000020000
005300200000520100210800009000000821060010050421000000800007034006058000009003700
003402810204000000100080043700508004005000700800601002420090005000000106057103400
000203000000000000152000386028706490007000500000080000000010000310408059040090030
001028000006005000002070469210000000805000604000000021728090100000400900000160700
000890000020400390045000100000309041300000002810502000009000670076003080000086000
570002000004001050003000670000200903007030800309008000092000700080500400000400069
000080000506000403020301050000000000000103000490000087300709006078602130000508000
020075300003006502590000060760103000900040005000509037070000051209300700004810090
900806005003000100080090020009000500000937000000108000800241006402000307000060000
068000002001950000000000970090006000530000048000300050056000000000021700200000360
146708003039000006700000000008900704000803000402007500000000001800000460600504297
100000208003802000500760090020307160007010400091604080010073006000406800206000007
790600000042010000106000000000007049020000010670800000000000108000040630000008097
800207006020040070050000010000802000900000003002000100630090085000301000070000060
070600200604900000903000681000000106031000850205000000317000508000004903006003010
008000570409070000203000846000289000080704050000563000945000108000040305026000700
407530901000207600950040007090000052702000409540000060800020076009801000104065208
903100074104070000007940135000000701061080590702000000379014600000030907510007308
070008026560009080000100045900006030000905000080400009240001000090700051810200060
070060800008004009209001460083000000400000001000000750057200103600300200002050090
108000703000205000007000900400000001000508000009040200280000045010304090003000600
800000040042800006390420000000040009420090053600080000000014027900007630030000004
005802600200050003070000040010305060680701059000000000007020300500010004000903000
700020008800501006000000000081406370000902000040080050297000845050000060300705009
070000580900084307350720000010607200034010670007205030000052041503170006082000050
000500900000000700400173080060004100037050640002900050070261005003000000005007000
849000057760000028000009003002106000000030000000807400100400000690000014420000786
000280300059047680840500090020000807930050046406000010090003065063410920001062000
203100000506300001000700029000570200100604003002039000350007000600003102000006805
002080000030900040090000003820500000140000092000008014700000030010004070000070900
900000004000000000000174000000702000008060900530000086340000052007625300000309000
300200578400039000100005000053020007040508060900040820000600001000450006671002004
400650801080010040607400300000145903250307064301296000003004206020060030104032007
000092000090147350047000100760405030430070065080306049006000910074938020000560000
000000000070000835802070901094001000060807090000500310503020607618000050000000000
000000060301596000006130980090607510065040730047301090012063800000215309030000000
105000620000800700030100000000080170600090002091030000000009080004008000067000203
200819034190650080000000000800030095520901073730080001000000000040097068910346007
000249050200000700043570800500307401701060309604908005007054120002000006050182000
600000004009000200801000705700040003050803090308902406000000000020705040900020008
100002006092006180080000020430010000000908000000020095060000040028400760500800003
000305000601040307400000009008000500030000020000206000000901000080030070200050001
300000000000005940069001058080030000203408506000020070130700460052600000000000001
005007000000009023800002006057003060000000000030100270100700008970300000000800300
100407002200000006070000010540000021306102504001070900000301000000050000010609080
600000005570000083000807000006409800040000010000060000030020070005080400800534006
100090685600018700870006000096851000780409061000763940000600072007180009321070006
000000000005483100040000080500804003960000041080030050001609400420301095009000700
020000000910006503000302007805021030490708051030540806200103000503200019000000060
600300018140078020000091000094060005016802490800050160000580000050720036730006009
006000000031006850098130462080307100004010700002409080453091270029700310000000600
090010800000806002500900000050040670100309008068050010000004001700503000003080090
002000905000108030001042000000000069700080004940000000000710200060903000504000300
001020003500000600090051027000900386000000000968005000810230070009000001600040800
006005042702004000040806003000000500054000890007000000600308050000600708920700400
376010502001070008500003079009060000760124095000090600150200006200050400607080253
060400000020185063005360100090020481016903270247050090002016800170538040000004010
000008050680075010002130700850000900047000620001000078005062100060710032010400000
037000490020000080000936000000314000500208009002090600008000900200000005900645001
001083000063000490040600012600104200900000007004502009430008050085000920000740600
850201074000000000610000093200070009300000001000634000100080007004000800030060020
000006900060780030203090500300109070052000690090507004007050208030072040009800000
009010700020564030080309060000632000070000080006000500460000097002000800100040005
600800031298400060000006040003908026000050000980604300020100000060007594840009003
000637000090804020800000004040000030060902010005000700000206000600010008901000302
170642058350000061860105027000000000200000003000704000490080016000000000030451090
090000000007203605032790480020604510004000900051908060015049720209106800000000050
000908060809070300040000090600803009080010030900504002070000010002040508060207000
015090000600000000000200305031006007000305000700800560908002000000000004000010230
000401020604390000000080040100040076073608510950030002060010000000063807080204000
064050290030000070050924080009506700500108004040000030000702000600000002000080000
008305900500782004400010007005106200000204000760000031000000000000503000930000072
000080700005002040000075006700000204428000651901000008200140000090700800007060000
000168000680000007040700602001070000400205006000040900204009070800000093000312000
100305002035970010000400080300000658080000020572000009060003000050017860400609005
675010000201800050004000100900100020040050080010007009009000500050008302000090864
010000040000905000000020000709000201000000000000574000080402030300010005065708920
000000400047056800000407503079048006060709050100360980405601000001820630006000000
360004007001000003000096040708401000005000300000705201050140000600000400200500039
010000080430089005970405300000302800000000000003506000005208039300710062020000040
030100590900500037000090816000030000709010308000080000486050000370002004091003060
076003080300000001001086504103070000008601300000050708607530900200000003030900160
080090403390760001005800000000000306002374100803000000000008900500036048908050030
004000800000270006000003005090000052018090670370000040800100000500082000002000700
301805009060001050005000104750106003000000000400208067108000300020400090900507201
087506120000070000060813090000205000170000059006000400010357040040000060500408001
000036070470800060000790000100000250609040701023000006000027000040008095090510000
500000007078600050003700910000276890000409000056831000031004200080007130700000004
008050700407060509200000003000801000000000000003409100030000080050010060020504030
040200650300000701157006900005178004000509000700624500001800497809000005034001080
090000070005301800000050000400905003070208040000000000702000605900000008060010090
020030080100206004000000000001000900002468300006905800017000530300109002000020000
910007050700020000000605000002800507009000300405001600000302000000050006040100083
307000906090000050008000700020000010900106008600070004000060000016000890000923000
210905000400080300090100500309000004060000080100000207002007050006010009000509046
820030015750000069000045000008901000906000201000307900000180000680000047590070032
096080210070000060200905007000000000003090500459030178002000800010000050704050902
206980007030200050009100604000000846500000001183000000608001500010008060700039102
020000100098002067500067020075080000009103600000020470080240005460700890002000040
052749810400000009000108000000507000203906501000010000030000020041000930020364050
050973800000000007200514000702050409801209305305080201000145006600000000004736010
200056039508000000009201670102609400900000007007105902014907200000000306890560001
300600000100000005004070060890200000502000408000007019050030100900000006000004002
000600005049000000007000802900060008060238040100050007308000200000000680500001000
000059400049008020108470690390000500207060904006000018015084702070500840004720000
000054000060000090200080074105200038820040057340008901580090003030000010000410000
000804000016000940008070300005000400900362001070090030500000004091050270000107000
603010407000009100120003009039604000500000002000902370800100034002300000306020508
005000090000385100310070000000064208070000030802790000000010026003542000080000900
605000028820016430040000007030201000070040010000703050900000080051420076780000501
400008002016070030008040570700293000051704380000581007045020900070030460800400003
000000000001040200300102007000000000640000075500908002068437590407529608000000000
002040300013905670500613009090807040000000000004050900020000090085000260170000053
806000003540100600000070900000701009210309067600804000004090000002006094900000301
050000000708040309001009080000000130080903060023000000040500600507010208000000070
600347095500000000007906800703501409100030007405702601004103900000000002270694008
000058090800000000612000008070029000005060100000740080400000653000000004060590000
216000804007004306390006012089407000000010000000605430170900043502300900903000271
100300008070010050000854000008000904059060780407000500000693000060070010900001007
004701000006005000001090578640010005002406900100070046498060300000300700000209400
043020090102309006000004027091000080600010003070000160930700000800602709020090630
002896500005000000600003092807261004100709008900548706740600009000000400009324600
801030006053000080000078053008040000409307801000020300720190000080000930300080204
000000906061000000200001008050680090007030500030049080400700001000000370809000000
750609003030000096006000200300020009000897000400030005009000400240000010600208037
010000500000107002207560300080010760001306200036070010008035109700401000003000050
003004560652003980840000012470080000000302000000090051790000023024700195085200400
096003270207610003400070096100000030064030750070000002610040007800067905059300610
520000064000874000010000030090602080080000050203000406005407200076080540800000009
080507010500030004000901000670000029000379000004000100050000040908000201127000965
900000401030020070800000300000950036040000050250068000002000005060070090104000008
403508109000000000000936000300090001080000060004107500800040005605209407040603010
140030082700000001050000090036080510008793200000060000000104000080020070074000160
000080010824100090000203040009040360600809002037010800070301000010008536040090000
600904058270008010008300600520000106000000000807000049005002700040800061310407005
805170029240060010000890003000000307654000182302000000500043000060020034420019806
004706000700005001030010400300800070020000060050009002005060090900200005000501300
150000062900506003000809000001030600206000409400000005600080004005000800800654001
037610400000007002902004708023000007600080005500000390304200906700900000009068570
010307050040060080089105620007000100000791000004000700430000019070609030008000200
004003560670040080805000304200060000080407020000030009709000805050070096018500200
109405007020100080003600409300020751000503000285010004502008100040001090900206503
200000903043090050100073040002609000056020170000507200020730006080060520407000001
080050040002409100490000076300040005054070860200000009600000004049000380000020000
007060400200408003080107050000000000510000048394000162000010000030609020008000600
086020000020050803000000900203600094700304002850009301002000000601040070000060140
700080025140000380083001900004070000600903008000010700001200450072000036950030001
000000150409018000708600920070040300020803010004050060041007603000320509093000000
005000900060523040800609005200030009000408000004070500507090806903000104000000000
500007243400023000800650000930000500075000890004000032000065007000910005152700009
040010070602000508300208009000804000901000702200000003050000090000793000000000000
170290508000007106620010000080000009204000601500000070000080013809100000401035092
009010600005000700000948000000493000300000009020080070080205060470000085000000000
000647000042000000180000040700006800006895700008100006050000037000000910000289000
070500209001200008930000000000804300003010700004307000000000074400005100708002090