080200400570000100002300000820090005000715000700020041000006700003000018007009050
600050007030000000080409200015300000008000300000007590009501030000000080200070004
210950004090060037000700000000000308920000015805000000000002000680010040100047096
024000650100000007008010900000000000260090083080501070600903008002854700000070000
000050000000206000064000390045000810000020000000107000053000980090804060100030004
108500406000070900530004007001060008090408070800050600700100069006080000904006205
970306042805000109000050000207000304010020080400738001000905000000000000100847003
040000000086100034001500260000305840000040000058902000095008300160009450000000010
045900000000710205020003009008301026010000050360805100200100030801057000000009510
900801005000607000870000069490000057080000020000375000040000070008060900109000603
000006007007050000054090100090304080003060700010907050006080410000070900900100000
000000000003702800060354090089000160070645030000000000040000070200506004000010000
060050030000306000007000400030000060014020790700000001000000000900147005051609870
103600400590001008000200000809020000207080905000070204000002000600800039005003802
500000001020600700780005000904001008000908000200500904000300017009006050600000002
300005007010030590020008000708000000090000010000000902000900040032080070400600001
600040001030008700009700000003096000906000103000120500000002400002400080400010002
200010007000207000050000020005020400001549200300708001070804030000000000630000085
200040003600239008000000000029000530850000016006102900070805060900703001000010000
869000312020000080070108040030000090700060004001902500000836000400070003000010000
780000021960050084000000000300609008097080130100030006030806010006201900000000000
024009030000600974000080020001040000207050809000060700070090000539006000080100290
600589002030402060000070000000000000102060904006050800800040001010000070750020098
030000200001970603540002080002000090010090030060000800070800029205039100006000050
030000080000791000005000700004080500001204300200305008002508600000000000503010809
090000006006890000203706090100020000054908320000070004020607809000035600300000050
013090460800000005000040000200000001970010043060705090089403710000000000000678000
400000007006030200005702900850473026000806000004020300003209800068000590000000000
490001300060009008007380090080000700036070520002000010010047900800600030009100087
000000000305904601040010030200000007007163400000207000020801070806000302009000100
300006085970028030005000900790802000010000090000109048007000600050360072640200009
570060003030005060601007000053000001000080000900000270000800402080100030200040019
040000590890500062305002800000001040006090700030600000004700106680004057073000080
004009300010030050800700009006800020005000700020007900200004007040050060001200500
000500601000030700000070025300005290020000070058200004810090000009080000602004000
000709000200080003070204050800000001000501000160070045050000030030000010604090508
200900000800503000054706002008000009097000420100000300300105890000802003000007005
005040009420703000003805070000000006040157020100000000060408900000201087200070600
040137020007809400800040005090703050630000047051000890100070009000080000000906000
057038000006100207000090000630000001070020060500000034000080000205007400000910370
600185009000000000590000087800000003000704000054020910080203090460000031007040500
000000900020041060609005400014507000050080020000106540001600203060750080002000000
207060008006007300040020017020103000603040501000609030530080060009200100400090803
031020960000060000600301004960000083000000000000953000405000609080204030020506040
004000500086000420520000068003000200200178004000306000002010800010000050408205906
300050007010702090000080000908305102032000640005000300090507030700000006000206000
000600907000000300704300200040507600060080010001406020003002806006000000102008000
000102600000050290900006003300600900100030008007008005400500002026040000005203000
000801000005064100060700080250000403090000070406000012010009020002570900000103000
900050003000697000000000000007805100020709050300000004200000009006000400409103608
001000400509030108600801002320000085400506007000000000800403001040000050900010004
900160200000009508001050906000687002000020000200391000506070800809500000007018004
000000000940301076800020003009706300081000960200000004000509000090040010005000400
084520000000007000306908000200600800065000740008005002000106508000200000000089230
600704005000000000900268001020000090004030200007000600060040050000020000300906004
306028010100300000040001060800000000200867003000000005030100070000002004050670208
200090003040807010030060050070305020002406500000000000700000008409000201000102000
700003801050087090800000000140802000070090010000105029000000006080710040605200007
009603004010700080400080003000000641005000200164000000600010002050002060300407500
040000060000635000003000100005409700004702600900000004000204000300010008016000570
300000020064500000000901604010007300700000001005800090501603000000002810080000002
000002708700004903020800100000080096000050000830040000003006010906400007502300000
060040030070090080001000500006102800100000002080304060700000006019060370000010000
009003000710000000800795300050009800207000906006500070005812009000000042000900600
100500009054007010000040070070010004003829700600050030020070000030400160500003007
000800000102040080006200307200160000309000102000029004605002900090050203000004000
009001300852030070300007000040920003090000040100074020000700002030050498004300700
200000056800000000040620000502480000100000005000095308000046070000000003470000001
008300009090000200100080047005094080400000002080560400850030004003000060200008900
910600803080003076300000000090030001000507000600040030000000007570300040203006018
012000000503000006060041020900000070050824090030000008090570040100000903000000580
000000009014500060706400000000005040609308107070600000000007508080004320100000000
010084092004000800503000000000090050000706000070030000000000109008000700190370080
070000020003000700100805009050030010002000400400060002004607500000010000010254060
000620030082005090530000060007098000100000003000140900050000019070200640010079000
000403100370090000600070009000000415009000700842000000100050002000060081006201000
200090004040608020009407100010030050090060010605000908054000690000203000000000000
000802300400000050007000129090405001001000500600903040534000700010000002002304000
080000700030670048605000200000080070040509080050020000008000401760094020001000090
003108500060000020000020000630000054082000960005000300906734102800050009000906000
003000100208050903060000050700000005006301400380000019000030000030907080609020501
800060004071000650060080070000509000003000700056000410200806001009000200000192000
302109508000803000000020000007406200400000009000985000030000050078000120009502800
004000900090000030201000507800000004002641700007000100040508070003207600700000001
000620941080400000400057000027000003004000500300000270000590007000004060976082000
000300700060009084001002000018004030300000007090200140000100400520800090009006000
050600200002800003700015090006000017005000900320000400040920006100006500007008040
098006000500070108001300040049000050000090000030000920010007400902010005000600280
000401000003000900061000240007090400050000010008703500080030060100000003500020004
000400605006090030014080000240900703000000000907006024000040350060010800405002000
090000040500206003000070000002307600700000002064010730900000007001708300400020001
010030087806005040070100603002300000000050000000009400705001030060200705120040090
064020080001060000900700001000600009300401007100002000200006004000010700080050610
038401270040030060000000000005080400290000038480090051070000080020050040000749000
700000009000509000002146500000000000097000850004802900009000400800324005205080306
009005010003004005050100608000807200000000000001302000107003080200600900080500400
000040000008910400090608030007206840830000012049107600010805060005061300000020000
038000720004873900000000000302608104000000000045902830000000000070104080050020090
304801607000375000000000000050904030600080001038000790000030000080609040006000900
080926004509008000000000003006010000070409080000080100600000000000200601900361070
900080000034050000008600005007039006010000040200460800600008400000070130000010009
600403107000000000500900430060008070002090300070100020028009005000000000401802003
400709003070305060020010070010834050000000000600000008500080001038106520100503007
039000510000010000006907200400000002000000000057801430000604000310000067090000020
109308002080705040000000008320000015000010000650000094400000000070106020800904607
800000007090072300003005000010000004509748201300000050000200100006180070900000005
003000400000080000006712500400000001300000006062000940790204085020108070000070000
000000460000670809026080003085097000000030000000860210900040380803019000047000000
390800041106000002000120070000040705003795400507080000030018000900000803820003057
009006070802901000000003052638000010000000000040000386520300000000502608080100700
400000006005368100170000053000634000000000000060597040000000000029010460010405080
900800000750000000081690000073046005002000600500970420000018270000000064000002001
000008906060000000980004572009001730500070009043900100876100093000000060304600000
048070120000602000000090000000040000309000402060000070001709300400503007530060019
709020000030906000200040003170000500090705080006000024900070002000201090000050406
500070003000000700012049500008907000105000908000102600004510390001000000600090005
500000006000201000001680200090107840002000300046302070003028900000509000900000003
060495020000020000000603000600907008050080030008060500500000007107802405030000010
004000390120000000003042806000053089000201000310860000701620900000000038045000200
400000008090030040806201507005000700000305000200080009000070000024000170508000902
010000060006010500509000207002409700000060000080000040000907000400000009071040680
900070008000109000000080000000207000830000057700608009095000170417000893002000500
803000604009283700000060000701000206400000007000509000004030900000601000020000060
000600010080520079000340208000002090200000005010400000703065000690037040020004000
000307000310000074000429000030000010901605302000090000003000200400000006600258001
800006407000900000200083000103208060006050800090607203000430001000002000604100002
000210500010000030000305740031060050050000070080090120068902000070000080002031000
300800005020900040006014300009000083002000500530000400007340600060009070100007009
000045020700190000040000900004320600093000780006071400008000040000017009030460000
000407000052000800100080030306190070007000900010058306070040009005000160000906000
200006000307050000000709050073060080800000006090080570040308000000070803000100002
290005006008001309016009720362000000000060000000000962075100240601800500900500081
600020009004908700200000003016802370400107008000050000020000040008000900109304507
400300058250400310080100000000000673000060000764000000000004080013005064840001005
020701060050090070800453001090805040080000010400000003018070420205000706000000000
000570006430000007006000204000001800010080040008200000901000700300000015700019000
000080060860500400004000705008700000009801200000003100902000600007006052030070000
003102600000400018000060002000600021200070006390001000700090000530004000001307400
050010002000402100009300400806000003100000008700000209008003700002501000900060020
050000200403000006006005001030006090007020500010800060500600400900000603004000010
006000700000709000008103900400000002800205001603000405040010060100000004002604100
001573090900800000000091007604000073708000501390000602400360000000002004030149700
005000800400000001710000053000000000000264000300805006008010400520407019100506008
000002043008004200200607090007300060040090030050008400010809004009400700460200000
000701060840000070007040300300904007001080600400607001008030200060000084020805000
010028073080007000000000800000003190090040050032800000009000000000500020670180030
002008007000000080050690032083000064005806100260000890570069040020000000600100300
300206007090407080001508900000709000030000060020000090900000002150060073004050600
006947100030000090001000700000020000070050030302000408000504000169000584003010900
041000000060500041000091006009702080007000900030908600800270000390004050000000860
006000100150000086400000007070090020300608001010207030930020015004509800000000000
000974000017000840000000000203107904000235000000000000700306001640010082030050070
002040006600000500040005007050800703700306001306007020800100030001000009400070200
040209010100000008000541000900030004020010060000607000003104700410000093000020000
090407060507000908000903000300040005700208004080000020065000730000030000140000056
095000810010306050030000020000892000000145000002000500000000000003020700079000460
090507030800306002000010000000050000004000300020603080003000900002408100501000806
420076000800009020001020060060000500910000043003000080080090300050400009000560078
603007000000910060018200000701000500530000047004000906000001350020089000000300608
020601040009000800001278300004020600700000002000435000200000009007060200400000008
004080000080730240020600003000000670810000025052000000500007080068015030000060900
074009001050610000130000000200001008001050200400200005000000079000084030300500480
080200040620000093009060200000103007003000400100807000008090500960000028040002030
000400070300001200057068300086000002003040700900000140001670820002800001030005000
400201006076000230001070500590000042200090005030000010000926000960000027000000000
004895100000070000800000003450000012007000800090020040000702000700503009600000001
000603000003209400000040000031000290450000071020000060240000089000050000600407002
000050080470300050000471000001000530906000804048000700000265000090003028060090000
000010650005007000090084000903000040040000090080000102000670080000200300076030000
010000000008170009009500720000090360070206080046080000024009600600027100000000070
060004900040260017700900000600040350090302070053080001000001005510026030006500080
050801060000040000003902400005000300410607092030000070040000080002406100000090000
003000700010070080000304000208000601000506000090203070000000000040090050906000102
000060000000407000060531090620904018070000060850010034010000070005000600706000502
400009000600010004085000960000430008007050300500092000012000650700020001000600002
008000500020805090000106000705000203060070080000903000510307028002050300030000010
050016000010002095008400700560000100300070004009000053006004200290800040000260080
000090001005000060140280300009870020700000003030029100003067015050000600900030000
003000090580700030020800000000547008004000200800912000000003010060005084070000300
809401607007096500062000010005304000000050000000608700090000170001740300706103905
080060070200405009000803000600000008390248017000906000002090100006000400900000003
000800500085300020900007010003060085000905000650070400010700003070009650004003000
020000760000200103000816000874003900000000000009100857000345000903002000065000020
000435000200701003006208100001020700700000004050000010010000020072050430800302005
006001400090580000102074000000000013403000908610000000000320804000018050005600200
007000090400000180000205470500062700000030000006950008085301000091000007030000500
000005010000603008000000540080700090309504801060008050034000000600401000050900000
020000060050901070001000400190804025000030000047000310008000700000040000010702080
070003000020400875040180000900030520003902700086070003000061090162009050000300060
053000640060708030100050002000060000700000004030804070006010700000609000005080100
601050004030940260000000000000503607500020008307406000000000000089065070100030502
500090003070060020039752680003000200200000004040000060000010000804605302007000900
010000000200060704000071230700000640009050100051000008073410000804090001000000060
004005000010900340080002009705080020000203000090050801300500090076009010000300700
205700001000201900060009003071000038000000000350000620600400080004802000500007104
020003000001985002000040060780000020043000670090000045010030000300496200000700090
002007000860529000100006020000000159200000004619000000050100008000645013000700400
000060043013000600706400000005620001000705000600094500000002907002000360390010000
600057039278090050000400070500000700360000091002000005020005000050040916480610007
000805476804000000020600000001007004300000005700900100000003020000000801278104000